e = 0.15766752080981558
g = 0.09016369387527301
w = 0.9049462471297125
